{
  "ts_unix": 1771249074,
  "stamp": "20260216_083754_291",
  "sha256": "8f390be5bc1fa8517dd29f24c7bfb317aee7aacc2c169a2c716b8b120ddbe700",
  "kappa": 0.7,
  "bound_radius_est": 0.07481814235556983,
  "final_x": 0.012212865931371811,
  "drift_D": 0.48778713406862817,
  "coherence_C": 0.5122272135333548,
  "stability_S": 0.024440079464726594,
  "lambda_c": 0.6,
  "alpha": 0.1,
  "rho": 0.05,
  "Umax": 0.02,
  "steps": 200,
  "gamma": 0.1
}
STATE_PATH: C:\Users\jacks\OneDrive\Desktop\Digital-DNA\rcct_kernel\state\rcct_state_20260216_083754_291.json
