{
  "ts_unix": 1771249074,
  "stamp": "20260216_083754_020",
  "sha256": "d1bb26ce4b2db3e62906d246606d599f23033c9e1ac8b4e058209c308660aca2",
  "kappa": 0.75,
  "bound_radius_est": 0.0897817708266838,
  "final_x": 0.012212865931371811,
  "drift_D": 0.48778713406862817,
  "coherence_C": 0.5122272135333548,
  "stability_S": 0.024440079464726594,
  "lambda_c": 0.5,
  "alpha": 0.25,
  "rho": 0.05,
  "Umax": 0.02,
  "steps": 200,
  "gamma": 0.1
}
STATE_PATH: C:\Users\jacks\OneDrive\Desktop\Digital-DNA\rcct_kernel\state\rcct_state_20260216_083754_020.json
