{
  "ts_unix": 1771249074,
  "stamp": "20260216_083754_783",
  "sha256": "15915a7a8dd6d15a223e19ba9c12acccefec34986ce36b8ef3dab3b96a2ad616",
  "kappa": 0.8,
  "bound_radius_est": 0.273833734403497,
  "final_x": 0.023822612920571338,
  "drift_D": 0.47617738707942864,
  "coherence_C": 0.5238337344034969,
  "stability_S": 0.04765634732406826,
  "lambda_c": 0.6,
  "alpha": 0.2,
  "rho": 0.1,
  "Umax": 0.05,
  "steps": 200,
  "gamma": 0.1
}
STATE_PATH: C:\Users\jacks\OneDrive\Desktop\Digital-DNA\rcct_kernel\state\rcct_state_20260216_083754_783.json
