{
  "ts_unix": 1771248061,
  "stamp": "20260216_082101_290",
  "sha256": "279eff9ab0aaa928046728dff7ad464392befb61220510c86277f8177786eeda",
  "kappa": 0.7999999999999999,
  "bound_radius_est": 0.12383373440349688,
  "final_x": 0.023822612920571338,
  "drift_D": 0.47617738707942864,
  "coherence_C": 0.5238337344034969,
  "stability_S": 0.04765634732406826,
  "lambda_c": 0.7,
  "alpha": 0.1,
  "rho": 0.1,
  "Umax": 0.02,
  "steps": 200,
  "gamma": 0.1
}
STATE_PATH: C:\Users\jacks\OneDrive\Desktop\Digital-DNA\rcct_kernel\state\rcct_state_20260216_082101_290.json
