{
  "ts_unix": 1771248061,
  "stamp": "20260216_082101_084",
  "sha256": "e1a9e7c4bad46dfac374ba19e74843f3edbafa2e3e4b16d97753978872c940db",
  "kappa": 0.85,
  "bound_radius_est": 0.3651116458713292,
  "final_x": 0.023822612920571338,
  "drift_D": 0.47617738707942864,
  "coherence_C": 0.5238337344034969,
  "stability_S": 0.04765634732406826,
  "lambda_c": 0.6,
  "alpha": 0.25,
  "rho": 0.1,
  "Umax": 0.05,
  "steps": 200,
  "gamma": 0.1
}
STATE_PATH: C:\Users\jacks\OneDrive\Desktop\Digital-DNA\rcct_kernel\state\rcct_state_20260216_082101_084.json
