{
  "ts_unix": 1771248061,
  "stamp": "20260216_082101_222",
  "sha256": "0c3d085f04b515d83a1717a06f2121ff2d09ae35573ae049f24b80da0f2edf25",
  "kappa": 0.7999999999999999,
  "bound_radius_est": 0.26222721353335465,
  "final_x": 0.012212865931371811,
  "drift_D": 0.48778713406862817,
  "coherence_C": 0.5122272135333548,
  "stability_S": 0.024440079464726594,
  "lambda_c": 0.7,
  "alpha": 0.1,
  "rho": 0.05,
  "Umax": 0.05,
  "steps": 200,
  "gamma": 0.1
}
STATE_PATH: C:\Users\jacks\OneDrive\Desktop\Digital-DNA\rcct_kernel\state\rcct_state_20260216_082101_222.json
