{
  "ts_unix": 1771248061,
  "stamp": "20260216_082101_576",
  "sha256": "df028549770cab4c9fa1ad472e939a7f74630c541677dbe3dca5abe6eff6a186",
  "kappa": 0.8999999999999999,
  "bound_radius_est": 0.5244544270667091,
  "final_x": 0.012212865931371811,
  "drift_D": 0.48778713406862817,
  "coherence_C": 0.5122272135333548,
  "stability_S": 0.024440079464726594,
  "lambda_c": 0.7,
  "alpha": 0.2,
  "rho": 0.05,
  "Umax": 0.05,
  "steps": 200,
  "gamma": 0.1
}
STATE_PATH: C:\Users\jacks\OneDrive\Desktop\Digital-DNA\rcct_kernel\state\rcct_state_20260216_082101_576.json
