{
  "ts_unix": 1771248059,
  "stamp": "20260216_082059_436",
  "sha256": "f9041512d2cc75c6df70376e30e5ee6bec9b1715384f864dd246f8dca1f23bf0",
  "kappa": 0.6,
  "bound_radius_est": 0.13111360676667738,
  "final_x": 0.012212865931371811,
  "drift_D": 0.48778713406862817,
  "coherence_C": 0.5122272135333548,
  "stability_S": 0.024440079464726594,
  "lambda_c": 0.5,
  "alpha": 0.1,
  "rho": 0.05,
  "Umax": 0.05,
  "steps": 200,
  "gamma": 0.1
}
STATE_PATH: C:\Users\jacks\OneDrive\Desktop\Digital-DNA\rcct_kernel\state\rcct_state_20260216_082059_436.json
