{
  "ts_unix": 1771248059,
  "stamp": "20260216_082059_501",
  "sha256": "6102e9da786176483eadc7c30f9ef21153588c78bc2ebf926f86011f09b4c598",
  "kappa": 0.6,
  "bound_radius_est": 0.06191686720174846,
  "final_x": 0.023822612920571338,
  "drift_D": 0.47617738707942864,
  "coherence_C": 0.5238337344034969,
  "stability_S": 0.04765634732406826,
  "lambda_c": 0.5,
  "alpha": 0.1,
  "rho": 0.1,
  "Umax": 0.02,
  "steps": 200,
  "gamma": 0.1
}
STATE_PATH: C:\Users\jacks\OneDrive\Desktop\Digital-DNA\rcct_kernel\state\rcct_state_20260216_082059_501.json
