{
  "ts_unix": 1771249073,
  "stamp": "20260216_083753_763",
  "sha256": "4c1ff1c66f41365cc1ba3eaf58ab3dc19f3973b8e445b61835c11e6f0b8ca988",
  "kappa": 0.7,
  "bound_radius_est": 0.07481814235556983,
  "final_x": 0.012212865931371811,
  "drift_D": 0.48778713406862817,
  "coherence_C": 0.5122272135333548,
  "stability_S": 0.024440079464726594,
  "lambda_c": 0.5,
  "alpha": 0.2,
  "rho": 0.05,
  "Umax": 0.02,
  "steps": 200,
  "gamma": 0.1
}
STATE_PATH: C:\Users\jacks\OneDrive\Desktop\Digital-DNA\rcct_kernel\state\rcct_state_20260216_083753_763.json
