{
  "ts_unix": 1771249075,
  "stamp": "20260216_083755_222",
  "sha256": "ea71a0e93e59106666c75ef1a73f3ea7d1bf3b4f887163e8e0c71c5c4229baf9",
  "kappa": 0.7999999999999999,
  "bound_radius_est": 0.26222721353335465,
  "final_x": 0.012212865931371811,
  "drift_D": 0.48778713406862817,
  "coherence_C": 0.5122272135333548,
  "stability_S": 0.024440079464726594,
  "lambda_c": 0.7,
  "alpha": 0.1,
  "rho": 0.05,
  "Umax": 0.05,
  "steps": 200,
  "gamma": 0.1
}
STATE_PATH: C:\Users\jacks\OneDrive\Desktop\Digital-DNA\rcct_kernel\state\rcct_state_20260216_083755_222.json
