{
  "ts_unix": 1771249074,
  "stamp": "20260216_083753_955",
  "sha256": "77ec086f5fca5e198a0aa9a45a22c3eeca5c4605809c989d249b6894f0f213b4",
  "kappa": 0.7,
  "bound_radius_est": 0.1825558229356646,
  "final_x": 0.023822612920571338,
  "drift_D": 0.47617738707942864,
  "coherence_C": 0.5238337344034969,
  "stability_S": 0.04765634732406826,
  "lambda_c": 0.5,
  "alpha": 0.2,
  "rho": 0.1,
  "Umax": 0.05,
  "steps": 200,
  "gamma": 0.1
}
STATE_PATH: C:\Users\jacks\OneDrive\Desktop\Digital-DNA\rcct_kernel\state\rcct_state_20260216_083753_955.json
