{
  "ts_unix": 1771248060,
  "stamp": "20260216_082100_237",
  "sha256": "b7d40578e775087eab04010a34814db9f34f193bf944ae2c55f79a8b20a7a934",
  "kappa": 0.7,
  "bound_radius_est": 0.1748181423555698,
  "final_x": 0.012212865931371811,
  "drift_D": 0.48778713406862817,
  "coherence_C": 0.5122272135333548,
  "stability_S": 0.024440079464726594,
  "lambda_c": 0.6,
  "alpha": 0.1,
  "rho": 0.05,
  "Umax": 0.05,
  "steps": 200,
  "gamma": 0.1
}
STATE_PATH: C:\Users\jacks\OneDrive\Desktop\Digital-DNA\rcct_kernel\state\rcct_state_20260216_082100_237.json
