{
  "ts_unix": 1771249075,
  "stamp": "20260216_083754_989",
  "sha256": "cd368821fae81cbc094590033ac4187aaf6642760a17101e5ac7c7675f09f048",
  "kappa": 0.85,
  "bound_radius_est": 0.1651116458713292,
  "final_x": 0.023822612920571338,
  "drift_D": 0.47617738707942864,
  "coherence_C": 0.5238337344034969,
  "stability_S": 0.04765634732406826,
  "lambda_c": 0.6,
  "alpha": 0.25,
  "rho": 0.1,
  "Umax": 0.02,
  "steps": 200,
  "gamma": 0.1
}
STATE_PATH: C:\Users\jacks\OneDrive\Desktop\Digital-DNA\rcct_kernel\state\rcct_state_20260216_083754_989.json
