{
  "ts_unix": 1771248060,
  "stamp": "20260216_082100_730",
  "sha256": "ae088cd2000442f2d150f665374558ba9bdc51ff2c714f1774883afa3534746a",
  "kappa": 0.8,
  "bound_radius_est": 0.273833734403497,
  "final_x": 0.023822612920571338,
  "drift_D": 0.47617738707942864,
  "coherence_C": 0.5238337344034969,
  "stability_S": 0.04765634732406826,
  "lambda_c": 0.6,
  "alpha": 0.2,
  "rho": 0.1,
  "Umax": 0.05,
  "steps": 200,
  "gamma": 0.1
}
STATE_PATH: C:\Users\jacks\OneDrive\Desktop\Digital-DNA\rcct_kernel\state\rcct_state_20260216_082100_730.json
