{
  "ts_unix": 1771249075,
  "stamp": "20260216_083755_472",
  "sha256": "28611be406bd1190fd6a8f9293063733005af58545ddaf296eb266d74a1edbbe",
  "kappa": 0.8999999999999999,
  "bound_radius_est": 0.5244544270667091,
  "final_x": 0.012212865931371811,
  "drift_D": 0.48778713406862817,
  "coherence_C": 0.5122272135333548,
  "stability_S": 0.024440079464726594,
  "lambda_c": 0.7,
  "alpha": 0.2,
  "rho": 0.05,
  "Umax": 0.05,
  "steps": 200,
  "gamma": 0.1
}
STATE_PATH: C:\Users\jacks\OneDrive\Desktop\Digital-DNA\rcct_kernel\state\rcct_state_20260216_083755_472.json
