{
  "ts_unix": 1771248060,
  "stamp": "20260216_082100_516",
  "sha256": "21706a1ca3ba564abca9f7b90536d7f02adecafc0e3063b879486b9656600579",
  "kappa": 0.8,
  "bound_radius_est": 0.2622272135333548,
  "final_x": 0.012212865931371811,
  "drift_D": 0.48778713406862817,
  "coherence_C": 0.5122272135333548,
  "stability_S": 0.024440079464726594,
  "lambda_c": 0.6,
  "alpha": 0.2,
  "rho": 0.05,
  "Umax": 0.05,
  "steps": 200,
  "gamma": 0.1
}
STATE_PATH: C:\Users\jacks\OneDrive\Desktop\Digital-DNA\rcct_kernel\state\rcct_state_20260216_082100_516.json
