{
  "ts_unix": 1771249074,
  "stamp": "20260216_083754_421",
  "sha256": "9ebe23fb431938a4e5d7bfd53ae7a922a91b541052a520a0f9db7744f09f0254",
  "kappa": 0.7,
  "bound_radius_est": 0.0825558229356646,
  "final_x": 0.023822612920571338,
  "drift_D": 0.47617738707942864,
  "coherence_C": 0.5238337344034969,
  "stability_S": 0.04765634732406826,
  "lambda_c": 0.6,
  "alpha": 0.1,
  "rho": 0.1,
  "Umax": 0.02,
  "steps": 200,
  "gamma": 0.1
}
STATE_PATH: C:\Users\jacks\OneDrive\Desktop\Digital-DNA\rcct_kernel\state\rcct_state_20260216_083754_421.json
