{
  "ts_unix": 1771249074,
  "stamp": "20260216_083754_850",
  "sha256": "ae84facbbdaefab34d37d6f21bc40219a9c77ca1a57d01f57dd33a9e4cc2e505",
  "kappa": 0.85,
  "bound_radius_est": 0.14963628471113966,
  "final_x": 0.012212865931371811,
  "drift_D": 0.48778713406862817,
  "coherence_C": 0.5122272135333548,
  "stability_S": 0.024440079464726594,
  "lambda_c": 0.6,
  "alpha": 0.25,
  "rho": 0.05,
  "Umax": 0.02,
  "steps": 200,
  "gamma": 0.1
}
STATE_PATH: C:\Users\jacks\OneDrive\Desktop\Digital-DNA\rcct_kernel\state\rcct_state_20260216_083754_850.json
