{
  "ts_unix": 1771249075,
  "stamp": "20260216_083755_346",
  "sha256": "7ceb5f035403b7d665c22198c33f63e62bb71d52919c57dfc7402c4384c9acfe",
  "kappa": 0.7999999999999999,
  "bound_radius_est": 0.27383373440349684,
  "final_x": 0.023822612920571338,
  "drift_D": 0.47617738707942864,
  "coherence_C": 0.5238337344034969,
  "stability_S": 0.04765634732406826,
  "lambda_c": 0.7,
  "alpha": 0.1,
  "rho": 0.1,
  "Umax": 0.05,
  "steps": 200,
  "gamma": 0.1
}
STATE_PATH: C:\Users\jacks\OneDrive\Desktop\Digital-DNA\rcct_kernel\state\rcct_state_20260216_083755_346.json
