{
  "ts_unix": 1771249074,
  "stamp": "20260216_083754_222",
  "sha256": "85abcb026f6e568a3b1f9e8d6de71e9ef54f9ffc94c0f8cc73b8c0664eae1ce1",
  "kappa": 0.75,
  "bound_radius_est": 0.21906698752279755,
  "final_x": 0.023822612920571338,
  "drift_D": 0.47617738707942864,
  "coherence_C": 0.5238337344034969,
  "stability_S": 0.04765634732406826,
  "lambda_c": 0.5,
  "alpha": 0.25,
  "rho": 0.1,
  "Umax": 0.05,
  "steps": 200,
  "gamma": 0.1
}
STATE_PATH: C:\Users\jacks\OneDrive\Desktop\Digital-DNA\rcct_kernel\state\rcct_state_20260216_083754_222.json
