{
  "ts_unix": 1771248061,
  "stamp": "20260216_082101_152",
  "sha256": "7a332cc19375e8a71722d53ce6659f180c6b35f12ddeb7e1ff4c76d97f45e9bf",
  "kappa": 0.7999999999999999,
  "bound_radius_est": 0.11222721353335471,
  "final_x": 0.012212865931371811,
  "drift_D": 0.48778713406862817,
  "coherence_C": 0.5122272135333548,
  "stability_S": 0.024440079464726594,
  "lambda_c": 0.7,
  "alpha": 0.1,
  "rho": 0.05,
  "Umax": 0.02,
  "steps": 200,
  "gamma": 0.1
}
STATE_PATH: C:\Users\jacks\OneDrive\Desktop\Digital-DNA\rcct_kernel\state\rcct_state_20260216_082101_152.json
