{
  "ts_unix": 1771249074,
  "stamp": "20260216_083754_159",
  "sha256": "76dee674f0eb16882a4e0cdac4a79456e8814e481f639230e0d4fb5843dcd66c",
  "kappa": 0.75,
  "bound_radius_est": 0.09906698752279754,
  "final_x": 0.023822612920571338,
  "drift_D": 0.47617738707942864,
  "coherence_C": 0.5238337344034969,
  "stability_S": 0.04765634732406826,
  "lambda_c": 0.5,
  "alpha": 0.25,
  "rho": 0.1,
  "Umax": 0.02,
  "steps": 200,
  "gamma": 0.1
}
STATE_PATH: C:\Users\jacks\OneDrive\Desktop\Digital-DNA\rcct_kernel\state\rcct_state_20260216_083754_159.json
