{
  "ts_unix": 1771249074,
  "stamp": "20260216_083754_488",
  "sha256": "71b998af61c2f108c9cb11ef9c2e4dbfc04685d41d194f104ccb9b4b9e3f585c",
  "kappa": 0.7,
  "bound_radius_est": 0.1825558229356646,
  "final_x": 0.023822612920571338,
  "drift_D": 0.47617738707942864,
  "coherence_C": 0.5238337344034969,
  "stability_S": 0.04765634732406826,
  "lambda_c": 0.6,
  "alpha": 0.1,
  "rho": 0.1,
  "Umax": 0.05,
  "steps": 200,
  "gamma": 0.1
}
STATE_PATH: C:\Users\jacks\OneDrive\Desktop\Digital-DNA\rcct_kernel\state\rcct_state_20260216_083754_488.json
