{
  "ts_unix": 1771249075,
  "stamp": "20260216_083755_674",
  "sha256": "92cbf408573e880a6204b02a97e04f7eb971d322471f61bb60da4ccce9fb49e3",
  "kappa": 0.95,
  "bound_radius_est": 0.44890885413341863,
  "final_x": 0.012212865931371811,
  "drift_D": 0.48778713406862817,
  "coherence_C": 0.5122272135333548,
  "stability_S": 0.024440079464726594,
  "lambda_c": 0.7,
  "alpha": 0.25,
  "rho": 0.05,
  "Umax": 0.02,
  "steps": 200,
  "gamma": 0.1
}
STATE_PATH: C:\Users\jacks\OneDrive\Desktop\Digital-DNA\rcct_kernel\state\rcct_state_20260216_083755_674.json
