{
  "ts_unix": 1771249075,
  "stamp": "20260216_083755_822",
  "sha256": "58ef2bf7aa89f0950dba1e7aa8ebd9c0246e90584cc26bbf9c55f50776a382e4",
  "kappa": 0.95,
  "bound_radius_est": 0.4953349376139872,
  "final_x": 0.023822612920571338,
  "drift_D": 0.47617738707942864,
  "coherence_C": 0.5238337344034969,
  "stability_S": 0.04765634732406826,
  "lambda_c": 0.7,
  "alpha": 0.25,
  "rho": 0.1,
  "Umax": 0.02,
  "steps": 200,
  "gamma": 0.1
}
STATE_PATH: C:\Users\jacks\OneDrive\Desktop\Digital-DNA\rcct_kernel\state\rcct_state_20260216_083755_822.json
