{
  "ts_unix": 1771248060,
  "stamp": "20260216_082100_101",
  "sha256": "535561fc39507f34912d313304c20995fac0a21733206cb5a7bc9e8982547737",
  "kappa": 0.75,
  "bound_radius_est": 0.21906698752279755,
  "final_x": 0.023822612920571338,
  "drift_D": 0.47617738707942864,
  "coherence_C": 0.5238337344034969,
  "stability_S": 0.04765634732406826,
  "lambda_c": 0.5,
  "alpha": 0.25,
  "rho": 0.1,
  "Umax": 0.05,
  "steps": 200,
  "gamma": 0.1
}
STATE_PATH: C:\Users\jacks\OneDrive\Desktop\Digital-DNA\rcct_kernel\state\rcct_state_20260216_082100_101.json
