{
  "ts_unix": 1771248060,
  "stamp": "20260216_082100_305",
  "sha256": "6ad2c624a5c0eea96d49a251dd30a7779c820560b6408063a4361a7251f43b3e",
  "kappa": 0.7,
  "bound_radius_est": 0.0825558229356646,
  "final_x": 0.023822612920571338,
  "drift_D": 0.47617738707942864,
  "coherence_C": 0.5238337344034969,
  "stability_S": 0.04765634732406826,
  "lambda_c": 0.6,
  "alpha": 0.1,
  "rho": 0.1,
  "Umax": 0.02,
  "steps": 200,
  "gamma": 0.1
}
STATE_PATH: C:\Users\jacks\OneDrive\Desktop\Digital-DNA\rcct_kernel\state\rcct_state_20260216_082100_305.json
