{
  "ts_unix": 1771248060,
  "stamp": "20260216_082059_966",
  "sha256": "e5a9d548b50a9d887ee3f6f75f1cf7cd9954296aa04e777542b4fd3d35b191a1",
  "kappa": 0.75,
  "bound_radius_est": 0.2097817708266838,
  "final_x": 0.012212865931371811,
  "drift_D": 0.48778713406862817,
  "coherence_C": 0.5122272135333548,
  "stability_S": 0.024440079464726594,
  "lambda_c": 0.5,
  "alpha": 0.25,
  "rho": 0.05,
  "Umax": 0.05,
  "steps": 200,
  "gamma": 0.1
}
STATE_PATH: C:\Users\jacks\OneDrive\Desktop\Digital-DNA\rcct_kernel\state\rcct_state_20260216_082059_966.json
