{
  "ts_unix": 1771249075,
  "stamp": "20260216_083755_739",
  "sha256": "dbac447862813af5981c6dbce839ee7de770bca185bf447c3fd539857447695f",
  "kappa": 0.95,
  "bound_radius_est": 1.0489088541334182,
  "final_x": 0.012212865931371811,
  "drift_D": 0.48778713406862817,
  "coherence_C": 0.5122272135333548,
  "stability_S": 0.024440079464726594,
  "lambda_c": 0.7,
  "alpha": 0.25,
  "rho": 0.05,
  "Umax": 0.05,
  "steps": 200,
  "gamma": 0.1
}
STATE_PATH: C:\Users\jacks\OneDrive\Desktop\Digital-DNA\rcct_kernel\state\rcct_state_20260216_083755_739.json
