{
  "ts_unix": 1771249074,
  "stamp": "20260216_083754_914",
  "sha256": "b5f226cc4da316834d8dff4e92b735ae90b2879ed16e6e41502e5a23e9227957",
  "kappa": 0.85,
  "bound_radius_est": 0.3496362847111396,
  "final_x": 0.012212865931371811,
  "drift_D": 0.48778713406862817,
  "coherence_C": 0.5122272135333548,
  "stability_S": 0.024440079464726594,
  "lambda_c": 0.6,
  "alpha": 0.25,
  "rho": 0.05,
  "Umax": 0.05,
  "steps": 200,
  "gamma": 0.1
}
STATE_PATH: C:\Users\jacks\OneDrive\Desktop\Digital-DNA\rcct_kernel\state\rcct_state_20260216_083754_914.json
