{
  "ts_unix": 1771249073,
  "stamp": "20260216_083753_462",
  "sha256": "d2bdb985aaf071ede43334ea0ae27807cd72d88ad2ef5c9c84c817a2c23e6a2f",
  "kappa": 0.6,
  "bound_radius_est": 0.05611360676667737,
  "final_x": 0.012212865931371811,
  "drift_D": 0.48778713406862817,
  "coherence_C": 0.5122272135333548,
  "stability_S": 0.024440079464726594,
  "lambda_c": 0.5,
  "alpha": 0.1,
  "rho": 0.05,
  "Umax": 0.02,
  "steps": 200,
  "gamma": 0.1
}
STATE_PATH: C:\Users\jacks\OneDrive\Desktop\Digital-DNA\rcct_kernel\state\rcct_state_20260216_083753_462.json
